108
91
62
59
84
60
71
105
70
69
66
65
78
83
82
68
107
68
68
69
80
75
89
68
64
68
70
57
62
87
51
55
56
57
75
98
60
68
81
47
76
48
63
58
40
62
61
58
38
40
45
68
56
64
49
53
50
39
54
47
37
50
54
70
49
57
52
47
43
52
57
46
63
56
50
51
50
42
46
56
52
59
45
50
59
44
52
54
53
63
45
56
55
53
56
46
45
49
63
50
41
42
53
50
58
50
37
53
58
49
53
51
64
44
53
53
55
43
50
60
51
55
56
52
51
45
49
51
63
48
51
60
45
40
50
66
62
69
53
54
49
47
63
55
62
57
58
51
50
57
62
45
47
52
35
41
53
48
59
45
41
52
36
84
62
31
41
48
47
50
50
57
53
37
46
41
56
51
39
59
53
51
49
45
42
32
55
34
43
35
48
33
41
38
57
37
40
34
44
43
62
36
41
51
48
31
28
33
35
48
31
